name: tensorenv
channels:
  - peterjc123
  - defaults
dependencies:
  - ca-certificates=2017.08.26=h94faf87_0
  - certifi=2018.1.18=py35_0
  - cffi=1.11.4=py35hfa6e2cd_0
  - cycler=0.10.0=py35hcc71164_0
  - freetype=2.8=h51f8f2c_1
  - icc_rt=2017.0.4=h97af966_0
  - icu=58.2=ha66f8fd_1
  - intel-openmp=2018.0.0=hd92c6cd_8
  - jpeg=9b=hb83a4c4_2
  - libpng=1.6.34=h79bbb47_0
  - matplotlib=2.1.2=py35h016c42a_0
  - mkl=2018.0.1=h2108138_4
  - numpy=1.14.0=py35h4a99626_1
  - openssl=1.0.2n=h74b6da3_0
  - pip=9.0.1=py35h691316f_4
  - pycparser=2.18=py35h15a15da_1
  - pyparsing=2.2.0=py35hcabcaab_1
  - pyqt=5.6.0=py35hd46907b_5
  - python=3.5.4=h1357f44_23
  - python-dateutil=2.6.1=py35h6b299a3_1
  - pytz=2017.3=py35hb294b1a_0
  - qt=5.6.2=vc14h6f8c307_12
  - scikit-learn=0.19.1=py35h2037775_0
  - scipy=1.0.0=py35h75710e8_0
  - setuptools=38.4.0=py35_0
  - sip=4.18.1=py35h01cbaa7_2
  - six=1.11.0=py35hc1da2df_1
  - sqlite=3.22.0=h9d3ae62_0
  - tornado=4.5.3=py35_0
  - vs2015_runtime=14.0.25123=3
  - wheel=0.30.0=py35h38a90bc_1
  - wincertstore=0.2=py35hfebbdb8_0
  - zlib=1.2.11=h8395fce_2
  - pytorch=0.3.0=py35_0.3.0
  - vc=14.1=h21ff451_0
  - vs2017_runtime=15.4.27004.2010=0
  - pip:
    - protobuf==3.5.1
    - tensorflow==0.12.1
    - torch==0.3.0b0+591e73e
prefix: C:\Users\Admin\AppData\Local\conda\conda\envs\tensorenv

